2  -1
1  0
19  -1
4  -1
17  -1
1  5
19  -1
4  -1
17  -1
1  1
19  -1
6  -1
20  -1
0  5
21  -1
17  -1
1  2
19  -1
6  -1
17  -1
8  -1
10  -1
22  -1
1  0
23  -1
17  -1
1  5
24  -1
0  8
17  -1
16  -1
22  -1
1  5
27  -1
1  0
23  -1
8  -1
10  -1
22  -1
1  4
20  -1
1  5
21  -1
23  -1
17  -1
1  5
24  -1
1  5
31  -1
0  9
17  -1
9  -1
1  2
24  -1
0  8
17  -1
1  5
24  -1
0  8
17  -1
16  -1
22  -1
1  5
27  -1
1  0
23  -1
8  -1
1  2
24  -1
1  2
31  -1
1  4
20  -1
1  5
21  -1
17  -1
1  5
24  -1
1  5
31  -1
0  9
17  -1
9  -1
11  -1
22  -1
1  2
23  -1
17  -1
9  -1
3  -1
